2383
1915
2386
2421
1690
2926
2172
2368
2782
2123
2929
2058
2393
1042
1421
1537
1315
2526
2956
2170
1305
1327
1846
2857
2582
2367
1043
1808
2788
1651
2932
2368
1226
2539
2434
1601
2317
1756
1286
2689
1440
1117
1481
1927
2497
1965
1219
1871
2503
2368
1340
1723
1846
2555
2764
1350
2034
1914
2743
1365
2432
2228
2474
1395
1235
1428
2928
1404
1613
1840
2128
2917
2324
1183
2772
2590
1954
1082
1197
1804
2622
2343
1340
2810
2661
2305
2444
2465
1282
2637
1600
2899
2468
2131
1933
1163
1899
2773
2190
1466
1090
2542
2445
1418
2348
1009
1342
2301
2321
1599
2939
2667
2127
1658
1422
1081
2292
2850
2222
1042
1298
1590
1819
2155
1379
2776
2860
2884
2621
1613
2326
1202
1784
1868
1872
1498
2753
2333
1890
2746
1500
2797
2303
1497
2686
2996
2157
1460
1460
1027
2556
2697
2039
1403
2647
2151
1339
1127
1049
1429
2177
2971
2367
2795
1829
2340
2826
1042
1023
1309
1996
1234
1524
2168
1312
1346
1916
2529
1647
2080
1857
2886
2512
2479
1189
2641
1987
1566
1856
1260
2205
1518
1873
2637
1607
2314
2100
2438
2074
2681
1270
2839
1622
2847
1682
2791
2521
2491
2231
2740
1098
2516
1231
2404
2218
2862
1977
2904
2207
2744
1127
2560
1563
1711
2291
2614
1993
1882
1717
2574
2486
2074
1179
2775
2710
2017
2137
2943
1925
1018
1963
2858
1571
2685
1604
2250
2485
1639
1967
2677
1865
2955
2211
2196
1270
1427
2283
2830
1950
2714
1047
2435
1954
2486
2159
2683
2723
2122
2821
1747
1269
2703
1907
1806
2084
1698
1898
2171
1506
1224
1000
2053
2338
1067
1787
1122
1850
1254
2813
2181
2720
1181
2296
1722
1297
2181
2057
2999
2483
1977
2932
1266
2682
2086
2990
2476
2892
1839
2136
2643
1582
2955
1815
1853
2783
2097
2269
2149
1639
1610
2890
1552
1777
1566
1641
2298
1776
2428
1308
1197
1774
1325
1412
2421
1439
1159
2354
1972
2852
2482
2154
1506
1790
2172
1859
2280
1590
2352
2069
2083
2300
1667
2032
2875
2412
1636
1844
1814
1326
1039
1152
2790
2631
2735
2877
2198
2155
1156
1823
2358
2245
2990
1100
1364
1659
2844
2551
1019
2304
1475
1967
2729
1131
2207
2183
2472
2062
1797
2141
2474
2485
1030
1898
1424
2641
2480
1789
1723
1493
1220
2613
1270
2829
1743
2024
1386
2969
1030
1587
2649
2339
2330
2349
2881
1133
2287
2519
1244
1259
1353
1705
1799
1315
1853
1487
2562
2205
1911
2403
1821
1443
2528
1700
2787
1589
2426
2036
1092
2921
1166
1123
2484
2931
2165
2069
2422
1569
2676
2340
1172
1527
2812
1124
2186
1794
1141
1437
2590
1513
1257
1346
2225
1421
1634
1356
2472
1111
2661
1216
2344
1267
1757
1650
2876
2953
2598
1937
1540
1083
2609
1939
2304
1164
1349
1339
2986
2079
1407
2561
2053
2494
2581
1187
1438
2320
1486
1463
2010
1142
1425
1853
1748
1516
2159
1553
2003
1107
2154
1334
1784
2763
1560
2185
2097
2349
1634
1585
1986
2892
2569
1366
1833
2847
1300
1629
1508
1775
2540
1518
2499
1908
1303
1432
2810
2596
1696
1465
2361
1187
2981
2879
2293
2135
1942
1163
1500
1234
2950
2339
1293
1382
1323
1951
1465
1813
1977
2464
1107
2740
2587
1793
1620
2371
1534
2567
1067
2433
1132
2523
1147
1335
2968
1339
1936
2052
2204
2540
1997
2878
2170
2520
2660
1267
1292
1553
2862
2198
1376
2503
1673
2823
2044
1012
2747
2134
2742
2638
1958
2484
2090
2923
1320
1952
2807
1525
1158
2560
1973
2748
2409
2832
2833
1127
1631
1341
2458
1901
2867
1732
2705
2457
2461
1169
1538
2018
1392
1754
2743
2021
2720
2634
2983
1142
2063
1554
2492
1034
1094
1644
2784
1925
1602
1296
1840
1512
2654
1428
1088
2797
2694
1782
1869
2417
2299
1350
1292
2164
2721
1410
2902
2916
1439
2806
1511
2265
1976
2134
1127
2697
1839
1986
2767
1136
1037
2367
2934
1095
1631
2630
2242
2161
1169
2135
1180
2900
1996
1114
1416
2625
1502
1949
2235
2799
2502
2799
2013
2766
2194
2776
2209
1684
1835
2781
1362
1264
1853
1769
1105
2142
1565
2265
2107
2558
2160
2038
2796
1430
2407
2495
2967
1029
1631
2007
2662
1096
1110
2069
2090
2369
2682
1295
2187
1251
1564
2193
1401
2394
1589
1795
1803
2882
2648
1505
2067
2790
1768
2093
1251
2651
1435
2275
1200
2842
2560
1664
2955
2542
1496
1258
2846
2294
2250
2253
2555
1719
1644
2729
2370
1858
1286
2513
1421
1658
1729
1053
1772
2302
2440
2086
1946
1751
1833
2392
1271
2381
2388
1951
2259
2514
2972
1129
2630
1078
2078
1186
1825
2639
1358
2055
1589
2246
1893
2950
2428
1056
1241
2458
1658
2281
2118
1763
2318
2970
1111
1012
2055
1979
2089
1995
1211
1711
2326
1632
2761
2441
1210
1894
2483
1337
2213
2998
1641
1035
1131
1709
2824
1071
1906
1989
1656
2970
2102
2018
1042
1284
1461
1924
2356
1847
1744
2257
2451
1299
2489
1784
2272
2868
2818
1253
1215
2269
1709
1232
2522
2413
1264
1250
2794
2804
2267
2193
1254
1850
1350
2148
2177
2954
2698
1470
2469
2440
2288
1816
2027
2059
1399
2967
1688
2676
1239
1242
2306
1493
1386
1509
1626
1649
2181
1720
1014
2739
1735
2257
1507
1483
2037
2348
2368
2149
2159
2221
1775
2462
1097
1061
2117
1959
1259
1057
1030
1417
2813
2523
1394
2163
1339
1549
1442
2904
2302
2004
2101
1327
2939
1445
1680
1032
1203
1560
1252
1440
2048
1148
2554
2363
1342
2254
2764
2777
2704
2575
1160
2623
2488
1149
2825
1151
1382
1959
2786
1167
2809
2109
2451
1070
2764
2564
2503
2432
1967
2304
1292
1275
2400
2573
1159
2850
2902
1431
1861
1898
1821
1790
1780
1279
2436
1428
2759
2458
1484
2329
1158
1782
1661
2247
1962
2571
1638
1017
2140
